nearest_neighbour
6448.856233333333
8869.829100000003
10818.86301333333
12341.190476666667
13938.09664666667
14932.602610000004
16145.350873333342
17312.878726666677
18095.503469999996
19271.521896666673
simulated_annealing
5518.796716666668
7796.977816666665
9637.166666666664
11139.978360000003
12784.961410000002
14425.57314666667
15931.364150000009
17938.648426666674
19790.359880000007
21980.675909999998
two_opt
5638.840113333333
7875.625946666664
9553.509239999996
11001.85590666667
12197.221263333337
13358.073330000007
14219.70642666668
15955.474200000002
21799.659676666673
29924.55766
ant_system
5564.130790000001
7872.1782299999995
9864.285279999998
11382.32383333333
12522.287443333336
13792.26864333334
15080.753483333343
16218.855790000001
17121.88027666667
18456.512773333332
random_swaping
9009.967503333335
16051.386276666668
23650.918326666677
33778.90329666668
41955.65762666668
50650.48283000001
59215.872523333324
68508.05114666666
75330.80382
84089.91317
