nearest_neighbour
4130.582346666667
6517.249
7811.460279999998
8783.69354666667
9700.747099999997
10824.956703333331
11855.96684666667
12252.307216666666
12870.148483333336
13890.124826666675
simulated_annealing
3751.9825800000003
5532.213550000001
6703.320846666667
7741.943089999998
8581.670693333328
9600.603449999997
10374.034456666664
11191.679983333333
12002.57234
12769.980850000004
ant_system
3614.5592300000003
5579.829483333336
6837.526299999999
7877.923339999997
8874.954586666661
9805.992339999999
10627.038583333335
11335.77097333333
11928.153643333333
12513.696420000002
random_swaping
5445.401320000001
9289.938820000001
12705.711296666666
16087.989186666668
20090.031943333335
23909.328613333335
28676.44825333334
33377.57338333334
37391.31403000001
42362.56680333332
two_opt
3827.3253333333337
5701.134730000001
6863.252766666667
7918.812899999996
8589.266213333329
9523.08451333333
10233.101413333334
10944.541376666666
11594.237880000002
12200.743173333338
