ant_system
0.06501754919687906
0.3407696564992269
1.490127698580424
1.4990349531173706
1.8676910797754924
2.333755866686503
3.2623990058898924
4.50197168191274
5.859316190083821
7.50302726427714
simulated_annealing
5.402290987968445
6.11995222568512
6.553243676821391
7.285352929433187
7.777276571591695
8.310413670539855
8.996540347735086
9.593020423253376
10.148568813006083
10.766608572006225
two_opt
0.0008368810017903646
0.0034734567006429037
0.011936283111572266
0.027442224820454917
0.04755102793375651
0.07701331774393717
0.11839298407236735
0.15425008138020832
0.22147955894470214
0.2794331073760986
random_swaping
0.5592516978581746
0.06975159645080567
0.13134172757466633
0.14327000776926677
0.21149563789367676
0.2579381306966146
0.3269527037938436
0.33010093371073407
0.3670477946599325
0.39321099122365316
nearest_neighbour
6.669362386067709e-05
0.00010011196136474609
0.00030805269877115884
0.0004905382792154948
0.0008858998616536458
0.001350124677022298
0.0017969846725463868
0.002318421999613444
0.0031987508138020832
0.003576262791951497
