nearest_neighbour
0.0005677938461303711
0.0024837652842203775
0.00671692689259847
0.012043023109436035
0.019851088523864746
0.03079188664754232
0.04180764357248942
0.05599073568979899
0.07401905059814454
0.0917728821436564
simulated_annealing
7.951391545931498
12.58491226832072
15.990141129493713
20.235851899782816
24.179254301389058
29.750483187039695
34.857988746960956
41.02577624320984
46.58040243784587
50.96121402581533
ant_system
11.346711953481039
25.404038755098977
47.90620673497518
70.62806171576182
104.37294465700785
148.20839790503183
183.4361315647761
233.50418998400372
317.5625097354253
375.3634381135305
random_swaping
0.2592639446258545
1.3114265600840251
3.35333936214447
5.229635826746622
6.837295929590861
9.45045739809672
10.349182875951131
11.845065315564474
14.076313972473145
15.908828139305115
two_opt
0.13735750516255696
1.4056453307469685
5.50094899336497
14.303011035919189
29.794944866498312
50.20394984881083
82.82503739198049
137.4572478135427
194.77121511300405
273.47624321778613
