nearest_neighbour
2200.5707166666666
2784.4406200000003
3381.3191366666665
3771.7127566666663
4068.001893333333
4916.249066666667
5570.74481
5743.2289666666675
6190.9142033333355
6611.930846666667
simulated_annealing
2149.2322299999996
2649.2248099999997
3164.029856666666
3400.4532866666673
3678.1699033333334
4108.059696666666
4613.329586666665
4935.001536666668
5206.486136666667
5482.105076666669
ant_system
2021.3418999999997
2493.71546
2900.783656666666
3286.1976700000005
3628.967336666667
4080.553826666667
4626.837736666666
5042.3805533333325
5290.297156666668
5575.058610000002
random_swaping
2188.7683766666664
3107.5008666666677
4105.249756666667
4749.964669999999
5704.854430000001
6333.919853333334
7063.629296666667
7693.780450000001
8447.73825
9125.087880000001
two_opt
2165.9941200000003
2755.2438966666664
3220.4486666666667
3655.2888266666673
3755.7992600000002
4339.441220000001
4906.19643
5077.793743333334
5368.3106333333335
5655.893196666666
