two_opt
0.2826051870981852
1.757109824816386
5.416600028673808
11.010867015520732
19.788811858495077
31.827267893155415
47.235288556416826
64.30347152551015
87.45231972535451
114.48800312678019
random_swaping
0.3876091718673706
0.8803187529246013
2.024020806948344
3.3534869591395062
5.336002024014791
7.518168528874715
9.060235810279845
12.413364990552266
15.493754323323568
19.38396325906118
nearest_neighbour
0.003334681193033854
0.0142120361328125
0.03726804256439209
0.07078637282053629
0.11407657464345296
0.17161428928375244
0.24327571392059327
0.3241821448008219
0.4129834810892741
0.5171542247136434
ant_system
6.490866494178772
17.62294521331787
28.503760774930317
42.09195510546366
66.82467919190725
84.90698388417562
88.87398773034414
112.23678545951843
136.0397753715515
136.52918002605438
simulated_annealing
10.006509645779927
15.558865555127461
22.02803377310435
29.360481317838033
36.207730396588644
42.94486839771271
50.074402729670204
56.379697855313616
63.67506353855133
72.19292732079823
