ant_system
3.6736556688944497
8.90248528321584
18.3738849401474
26.523048440615337
37.4914332151413
59.302114907900496
simulated_annealing
15.0882253408432
20.574645336469015
26.311985500653584
31.618176873524984
37.32436317602794
44.92472591400146
random_swaping
0.1826052745183309
0.3584593137105306
0.536385440826416
0.919236175219218
1.4087564945220947
2.0280921777089436
two_opt
0.048024932543436684
0.2784760316212972
0.889005470275879
1.8857309500376382
3.1359134197235106
5.341433223088583
nearest_neighbour
0.0008338769276936849
0.0034034013748168944
0.008028268814086914
0.014713040987650554
0.0247010866800944
0.03825712203979492
ant_system
4.911526886622111
17.4711709578832
32.46970145702362
55.60300728480021
75.29466106891633
106.13963292439779
