ant_system
50907.86666666667
86796.66666666667
122276.25
164489.3
200993.88333333333
235456.23333333334
simulated_annealing
52204.6
87194.5
121751.13333333333
155987.66666666666
189194.06666666668
221109.1
random_swaping
68021.76666666666
127897.73333333334
195208.56666666668
259004.9
322328.65
384779.5
two_opt
53984.6
92891.78333333334
127449.4
162014.16666666666
194183.18333333332
225665.4
nearest_neighbour
56021.583333333336
90719.75
124729.75
156811.78333333333
183798.9
214292.56666666668
